{
 "cells": [
  {
   "cell_type": "code",
   "execution_count": 6,
   "id": "dd00f9bd",
   "metadata": {},
   "outputs": [],
   "source": [
    "# Notes: We need visualize data due to three factors:\n",
    "# 1) Determining outliers, discrepancies in data \n",
    "# 2) Is data correlated \n",
    "# 3) Present result in an efficient and effective, easy ways "
   ]
  },
  {
   "cell_type": "code",
   "execution_count": 30,
   "id": "bad98ce7",
   "metadata": {},
   "outputs": [
    {
     "data": {
      "text/html": [
       "<div>\n",
       "<style scoped>\n",
       "    .dataframe tbody tr th:only-of-type {\n",
       "        vertical-align: middle;\n",
       "    }\n",
       "\n",
       "    .dataframe tbody tr th {\n",
       "        vertical-align: top;\n",
       "    }\n",
       "\n",
       "    .dataframe thead th {\n",
       "        text-align: right;\n",
       "    }\n",
       "</style>\n",
       "<table border=\"1\" class=\"dataframe\">\n",
       "  <thead>\n",
       "    <tr style=\"text-align: right;\">\n",
       "      <th></th>\n",
       "      <th>school</th>\n",
       "      <th>sex</th>\n",
       "      <th>age</th>\n",
       "      <th>address</th>\n",
       "      <th>famsize</th>\n",
       "      <th>Pstatus</th>\n",
       "      <th>Medu</th>\n",
       "      <th>Fedu</th>\n",
       "      <th>Mjob</th>\n",
       "      <th>Fjob</th>\n",
       "      <th>...</th>\n",
       "      <th>famrel</th>\n",
       "      <th>freetime</th>\n",
       "      <th>goout</th>\n",
       "      <th>Dalc</th>\n",
       "      <th>Walc</th>\n",
       "      <th>health</th>\n",
       "      <th>absences</th>\n",
       "      <th>G1</th>\n",
       "      <th>G2</th>\n",
       "      <th>G3</th>\n",
       "    </tr>\n",
       "  </thead>\n",
       "  <tbody>\n",
       "    <tr>\n",
       "      <th>0</th>\n",
       "      <td>GP</td>\n",
       "      <td>F</td>\n",
       "      <td>18</td>\n",
       "      <td>U</td>\n",
       "      <td>GT3</td>\n",
       "      <td>A</td>\n",
       "      <td>4</td>\n",
       "      <td>4</td>\n",
       "      <td>at_home</td>\n",
       "      <td>teacher</td>\n",
       "      <td>...</td>\n",
       "      <td>4</td>\n",
       "      <td>3</td>\n",
       "      <td>4</td>\n",
       "      <td>1</td>\n",
       "      <td>1</td>\n",
       "      <td>3</td>\n",
       "      <td>6</td>\n",
       "      <td>5</td>\n",
       "      <td>6</td>\n",
       "      <td>6</td>\n",
       "    </tr>\n",
       "    <tr>\n",
       "      <th>1</th>\n",
       "      <td>GP</td>\n",
       "      <td>F</td>\n",
       "      <td>17</td>\n",
       "      <td>U</td>\n",
       "      <td>GT3</td>\n",
       "      <td>T</td>\n",
       "      <td>1</td>\n",
       "      <td>1</td>\n",
       "      <td>at_home</td>\n",
       "      <td>other</td>\n",
       "      <td>...</td>\n",
       "      <td>5</td>\n",
       "      <td>3</td>\n",
       "      <td>3</td>\n",
       "      <td>1</td>\n",
       "      <td>1</td>\n",
       "      <td>3</td>\n",
       "      <td>4</td>\n",
       "      <td>5</td>\n",
       "      <td>5</td>\n",
       "      <td>6</td>\n",
       "    </tr>\n",
       "    <tr>\n",
       "      <th>2</th>\n",
       "      <td>GP</td>\n",
       "      <td>F</td>\n",
       "      <td>15</td>\n",
       "      <td>U</td>\n",
       "      <td>LE3</td>\n",
       "      <td>T</td>\n",
       "      <td>1</td>\n",
       "      <td>1</td>\n",
       "      <td>at_home</td>\n",
       "      <td>other</td>\n",
       "      <td>...</td>\n",
       "      <td>4</td>\n",
       "      <td>3</td>\n",
       "      <td>2</td>\n",
       "      <td>2</td>\n",
       "      <td>3</td>\n",
       "      <td>3</td>\n",
       "      <td>10</td>\n",
       "      <td>7</td>\n",
       "      <td>8</td>\n",
       "      <td>10</td>\n",
       "    </tr>\n",
       "    <tr>\n",
       "      <th>3</th>\n",
       "      <td>GP</td>\n",
       "      <td>F</td>\n",
       "      <td>15</td>\n",
       "      <td>U</td>\n",
       "      <td>GT3</td>\n",
       "      <td>T</td>\n",
       "      <td>4</td>\n",
       "      <td>2</td>\n",
       "      <td>health</td>\n",
       "      <td>services</td>\n",
       "      <td>...</td>\n",
       "      <td>3</td>\n",
       "      <td>2</td>\n",
       "      <td>2</td>\n",
       "      <td>1</td>\n",
       "      <td>1</td>\n",
       "      <td>5</td>\n",
       "      <td>2</td>\n",
       "      <td>15</td>\n",
       "      <td>14</td>\n",
       "      <td>15</td>\n",
       "    </tr>\n",
       "    <tr>\n",
       "      <th>4</th>\n",
       "      <td>GP</td>\n",
       "      <td>F</td>\n",
       "      <td>16</td>\n",
       "      <td>U</td>\n",
       "      <td>GT3</td>\n",
       "      <td>T</td>\n",
       "      <td>3</td>\n",
       "      <td>3</td>\n",
       "      <td>other</td>\n",
       "      <td>other</td>\n",
       "      <td>...</td>\n",
       "      <td>4</td>\n",
       "      <td>3</td>\n",
       "      <td>2</td>\n",
       "      <td>1</td>\n",
       "      <td>2</td>\n",
       "      <td>5</td>\n",
       "      <td>4</td>\n",
       "      <td>6</td>\n",
       "      <td>10</td>\n",
       "      <td>10</td>\n",
       "    </tr>\n",
       "    <tr>\n",
       "      <th>5</th>\n",
       "      <td>GP</td>\n",
       "      <td>M</td>\n",
       "      <td>16</td>\n",
       "      <td>U</td>\n",
       "      <td>LE3</td>\n",
       "      <td>T</td>\n",
       "      <td>4</td>\n",
       "      <td>3</td>\n",
       "      <td>services</td>\n",
       "      <td>other</td>\n",
       "      <td>...</td>\n",
       "      <td>5</td>\n",
       "      <td>4</td>\n",
       "      <td>2</td>\n",
       "      <td>1</td>\n",
       "      <td>2</td>\n",
       "      <td>5</td>\n",
       "      <td>10</td>\n",
       "      <td>15</td>\n",
       "      <td>15</td>\n",
       "      <td>15</td>\n",
       "    </tr>\n",
       "    <tr>\n",
       "      <th>6</th>\n",
       "      <td>GP</td>\n",
       "      <td>M</td>\n",
       "      <td>16</td>\n",
       "      <td>U</td>\n",
       "      <td>LE3</td>\n",
       "      <td>T</td>\n",
       "      <td>2</td>\n",
       "      <td>2</td>\n",
       "      <td>other</td>\n",
       "      <td>other</td>\n",
       "      <td>...</td>\n",
       "      <td>4</td>\n",
       "      <td>4</td>\n",
       "      <td>4</td>\n",
       "      <td>1</td>\n",
       "      <td>1</td>\n",
       "      <td>3</td>\n",
       "      <td>0</td>\n",
       "      <td>12</td>\n",
       "      <td>12</td>\n",
       "      <td>11</td>\n",
       "    </tr>\n",
       "    <tr>\n",
       "      <th>7</th>\n",
       "      <td>GP</td>\n",
       "      <td>F</td>\n",
       "      <td>17</td>\n",
       "      <td>U</td>\n",
       "      <td>GT3</td>\n",
       "      <td>A</td>\n",
       "      <td>4</td>\n",
       "      <td>4</td>\n",
       "      <td>other</td>\n",
       "      <td>teacher</td>\n",
       "      <td>...</td>\n",
       "      <td>4</td>\n",
       "      <td>1</td>\n",
       "      <td>4</td>\n",
       "      <td>1</td>\n",
       "      <td>1</td>\n",
       "      <td>1</td>\n",
       "      <td>6</td>\n",
       "      <td>6</td>\n",
       "      <td>5</td>\n",
       "      <td>6</td>\n",
       "    </tr>\n",
       "    <tr>\n",
       "      <th>8</th>\n",
       "      <td>GP</td>\n",
       "      <td>M</td>\n",
       "      <td>15</td>\n",
       "      <td>U</td>\n",
       "      <td>LE3</td>\n",
       "      <td>A</td>\n",
       "      <td>3</td>\n",
       "      <td>2</td>\n",
       "      <td>services</td>\n",
       "      <td>other</td>\n",
       "      <td>...</td>\n",
       "      <td>4</td>\n",
       "      <td>2</td>\n",
       "      <td>2</td>\n",
       "      <td>1</td>\n",
       "      <td>1</td>\n",
       "      <td>1</td>\n",
       "      <td>0</td>\n",
       "      <td>16</td>\n",
       "      <td>18</td>\n",
       "      <td>19</td>\n",
       "    </tr>\n",
       "    <tr>\n",
       "      <th>9</th>\n",
       "      <td>GP</td>\n",
       "      <td>M</td>\n",
       "      <td>15</td>\n",
       "      <td>U</td>\n",
       "      <td>GT3</td>\n",
       "      <td>T</td>\n",
       "      <td>3</td>\n",
       "      <td>4</td>\n",
       "      <td>other</td>\n",
       "      <td>other</td>\n",
       "      <td>...</td>\n",
       "      <td>5</td>\n",
       "      <td>5</td>\n",
       "      <td>1</td>\n",
       "      <td>1</td>\n",
       "      <td>1</td>\n",
       "      <td>5</td>\n",
       "      <td>0</td>\n",
       "      <td>14</td>\n",
       "      <td>15</td>\n",
       "      <td>15</td>\n",
       "    </tr>\n",
       "    <tr>\n",
       "      <th>10</th>\n",
       "      <td>GP</td>\n",
       "      <td>F</td>\n",
       "      <td>15</td>\n",
       "      <td>U</td>\n",
       "      <td>GT3</td>\n",
       "      <td>T</td>\n",
       "      <td>4</td>\n",
       "      <td>4</td>\n",
       "      <td>teacher</td>\n",
       "      <td>health</td>\n",
       "      <td>...</td>\n",
       "      <td>3</td>\n",
       "      <td>3</td>\n",
       "      <td>3</td>\n",
       "      <td>1</td>\n",
       "      <td>2</td>\n",
       "      <td>2</td>\n",
       "      <td>0</td>\n",
       "      <td>10</td>\n",
       "      <td>8</td>\n",
       "      <td>9</td>\n",
       "    </tr>\n",
       "    <tr>\n",
       "      <th>11</th>\n",
       "      <td>GP</td>\n",
       "      <td>F</td>\n",
       "      <td>15</td>\n",
       "      <td>U</td>\n",
       "      <td>GT3</td>\n",
       "      <td>T</td>\n",
       "      <td>2</td>\n",
       "      <td>1</td>\n",
       "      <td>services</td>\n",
       "      <td>other</td>\n",
       "      <td>...</td>\n",
       "      <td>5</td>\n",
       "      <td>2</td>\n",
       "      <td>2</td>\n",
       "      <td>1</td>\n",
       "      <td>1</td>\n",
       "      <td>4</td>\n",
       "      <td>4</td>\n",
       "      <td>10</td>\n",
       "      <td>12</td>\n",
       "      <td>12</td>\n",
       "    </tr>\n",
       "    <tr>\n",
       "      <th>12</th>\n",
       "      <td>GP</td>\n",
       "      <td>M</td>\n",
       "      <td>15</td>\n",
       "      <td>U</td>\n",
       "      <td>LE3</td>\n",
       "      <td>T</td>\n",
       "      <td>4</td>\n",
       "      <td>4</td>\n",
       "      <td>health</td>\n",
       "      <td>services</td>\n",
       "      <td>...</td>\n",
       "      <td>4</td>\n",
       "      <td>3</td>\n",
       "      <td>3</td>\n",
       "      <td>1</td>\n",
       "      <td>3</td>\n",
       "      <td>5</td>\n",
       "      <td>2</td>\n",
       "      <td>14</td>\n",
       "      <td>14</td>\n",
       "      <td>14</td>\n",
       "    </tr>\n",
       "    <tr>\n",
       "      <th>13</th>\n",
       "      <td>GP</td>\n",
       "      <td>M</td>\n",
       "      <td>15</td>\n",
       "      <td>U</td>\n",
       "      <td>GT3</td>\n",
       "      <td>T</td>\n",
       "      <td>4</td>\n",
       "      <td>3</td>\n",
       "      <td>teacher</td>\n",
       "      <td>other</td>\n",
       "      <td>...</td>\n",
       "      <td>5</td>\n",
       "      <td>4</td>\n",
       "      <td>3</td>\n",
       "      <td>1</td>\n",
       "      <td>2</td>\n",
       "      <td>3</td>\n",
       "      <td>2</td>\n",
       "      <td>10</td>\n",
       "      <td>10</td>\n",
       "      <td>11</td>\n",
       "    </tr>\n",
       "    <tr>\n",
       "      <th>14</th>\n",
       "      <td>GP</td>\n",
       "      <td>M</td>\n",
       "      <td>15</td>\n",
       "      <td>U</td>\n",
       "      <td>GT3</td>\n",
       "      <td>A</td>\n",
       "      <td>2</td>\n",
       "      <td>2</td>\n",
       "      <td>other</td>\n",
       "      <td>other</td>\n",
       "      <td>...</td>\n",
       "      <td>4</td>\n",
       "      <td>5</td>\n",
       "      <td>2</td>\n",
       "      <td>1</td>\n",
       "      <td>1</td>\n",
       "      <td>3</td>\n",
       "      <td>0</td>\n",
       "      <td>14</td>\n",
       "      <td>16</td>\n",
       "      <td>16</td>\n",
       "    </tr>\n",
       "  </tbody>\n",
       "</table>\n",
       "<p>15 rows × 33 columns</p>\n",
       "</div>"
      ],
      "text/plain": [
       "   school sex  age address famsize Pstatus  Medu  Fedu      Mjob      Fjob  \\\n",
       "0      GP   F   18       U     GT3       A     4     4   at_home   teacher   \n",
       "1      GP   F   17       U     GT3       T     1     1   at_home     other   \n",
       "2      GP   F   15       U     LE3       T     1     1   at_home     other   \n",
       "3      GP   F   15       U     GT3       T     4     2    health  services   \n",
       "4      GP   F   16       U     GT3       T     3     3     other     other   \n",
       "5      GP   M   16       U     LE3       T     4     3  services     other   \n",
       "6      GP   M   16       U     LE3       T     2     2     other     other   \n",
       "7      GP   F   17       U     GT3       A     4     4     other   teacher   \n",
       "8      GP   M   15       U     LE3       A     3     2  services     other   \n",
       "9      GP   M   15       U     GT3       T     3     4     other     other   \n",
       "10     GP   F   15       U     GT3       T     4     4   teacher    health   \n",
       "11     GP   F   15       U     GT3       T     2     1  services     other   \n",
       "12     GP   M   15       U     LE3       T     4     4    health  services   \n",
       "13     GP   M   15       U     GT3       T     4     3   teacher     other   \n",
       "14     GP   M   15       U     GT3       A     2     2     other     other   \n",
       "\n",
       "    ... famrel freetime  goout  Dalc  Walc health absences  G1  G2  G3  \n",
       "0   ...      4        3      4     1     1      3        6   5   6   6  \n",
       "1   ...      5        3      3     1     1      3        4   5   5   6  \n",
       "2   ...      4        3      2     2     3      3       10   7   8  10  \n",
       "3   ...      3        2      2     1     1      5        2  15  14  15  \n",
       "4   ...      4        3      2     1     2      5        4   6  10  10  \n",
       "5   ...      5        4      2     1     2      5       10  15  15  15  \n",
       "6   ...      4        4      4     1     1      3        0  12  12  11  \n",
       "7   ...      4        1      4     1     1      1        6   6   5   6  \n",
       "8   ...      4        2      2     1     1      1        0  16  18  19  \n",
       "9   ...      5        5      1     1     1      5        0  14  15  15  \n",
       "10  ...      3        3      3     1     2      2        0  10   8   9  \n",
       "11  ...      5        2      2     1     1      4        4  10  12  12  \n",
       "12  ...      4        3      3     1     3      5        2  14  14  14  \n",
       "13  ...      5        4      3     1     2      3        2  10  10  11  \n",
       "14  ...      4        5      2     1     1      3        0  14  16  16  \n",
       "\n",
       "[15 rows x 33 columns]"
      ]
     },
     "execution_count": 30,
     "metadata": {},
     "output_type": "execute_result"
    }
   ],
   "source": [
    "import pandas as pd\n",
    "# datani import edende get url ve ya directordan yerlesdiyi yeri copy et bura yapistir ve \\ isaresini / ile evez et \n",
    "# read_csv() fayli oxuyur \n",
    "data=pd.read_csv('C:/Users/ACER/OneDrive - Azerbaijan State Oil and Industry University/Desktop/Data Science with Rune/files/student-mat.csv')\n",
    "data.head()\n",
    "# data.head(15)"
   ]
  },
  {
   "cell_type": "code",
   "execution_count": 13,
   "id": "e7f25d08",
   "metadata": {},
   "outputs": [
    {
     "data": {
      "text/plain": [
       "395"
      ]
     },
     "execution_count": 13,
     "metadata": {},
     "output_type": "execute_result"
    }
   ],
   "source": [
    "len(data) # show the length of data"
   ]
  },
  {
   "cell_type": "code",
   "execution_count": 16,
   "id": "1c32d673",
   "metadata": {},
   "outputs": [
    {
     "data": {
      "text/plain": [
       "Index(['school', 'sex', 'age', 'address', 'famsize', 'Pstatus', 'Medu', 'Fedu',\n",
       "       'Mjob', 'Fjob', 'reason', 'guardian', 'traveltime', 'studytime',\n",
       "       'failures', 'schoolsup', 'famsup', 'paid', 'activities', 'nursery',\n",
       "       'higher', 'internet', 'romantic', 'famrel', 'freetime', 'goout', 'Dalc',\n",
       "       'Walc', 'health', 'absences', 'G1', 'G2', 'G3'],\n",
       "      dtype='object')"
      ]
     },
     "execution_count": 16,
     "metadata": {},
     "output_type": "execute_result"
    }
   ],
   "source": [
    "data.columns # show the columns of dataset and here we can determine our target "
   ]
  },
  {
   "cell_type": "code",
   "execution_count": 17,
   "id": "40eb1e72",
   "metadata": {},
   "outputs": [
    {
     "data": {
      "text/plain": [
       "33"
      ]
     },
     "execution_count": 17,
     "metadata": {},
     "output_type": "execute_result"
    }
   ],
   "source": [
    "len(data.columns) # the number of columns "
   ]
  },
  {
   "cell_type": "code",
   "execution_count": 18,
   "id": "4a1af9e0",
   "metadata": {},
   "outputs": [
    {
     "data": {
      "text/plain": [
       "school        object\n",
       "sex           object\n",
       "age            int64\n",
       "address       object\n",
       "famsize       object\n",
       "Pstatus       object\n",
       "Medu           int64\n",
       "Fedu           int64\n",
       "Mjob          object\n",
       "Fjob          object\n",
       "reason        object\n",
       "guardian      object\n",
       "traveltime     int64\n",
       "studytime      int64\n",
       "failures       int64\n",
       "schoolsup     object\n",
       "famsup        object\n",
       "paid          object\n",
       "activities    object\n",
       "nursery       object\n",
       "higher        object\n",
       "internet      object\n",
       "romantic      object\n",
       "famrel         int64\n",
       "freetime       int64\n",
       "goout          int64\n",
       "Dalc           int64\n",
       "Walc           int64\n",
       "health         int64\n",
       "absences       int64\n",
       "G1             int64\n",
       "G2             int64\n",
       "G3             int64\n",
       "dtype: object"
      ]
     },
     "execution_count": 18,
     "metadata": {},
     "output_type": "execute_result"
    }
   ],
   "source": [
    "data.dtypes # show the types of columns(variables)"
   ]
  },
  {
   "cell_type": "code",
   "execution_count": 19,
   "id": "07dad8f2",
   "metadata": {},
   "outputs": [
    {
     "data": {
      "text/plain": [
       "school        False\n",
       "sex           False\n",
       "age           False\n",
       "address       False\n",
       "famsize       False\n",
       "Pstatus       False\n",
       "Medu          False\n",
       "Fedu          False\n",
       "Mjob          False\n",
       "Fjob          False\n",
       "reason        False\n",
       "guardian      False\n",
       "traveltime    False\n",
       "studytime     False\n",
       "failures      False\n",
       "schoolsup     False\n",
       "famsup        False\n",
       "paid          False\n",
       "activities    False\n",
       "nursery       False\n",
       "higher        False\n",
       "internet      False\n",
       "romantic      False\n",
       "famrel        False\n",
       "freetime      False\n",
       "goout         False\n",
       "Dalc          False\n",
       "Walc          False\n",
       "health        False\n",
       "absences      False\n",
       "G1            False\n",
       "G2            False\n",
       "G3            False\n",
       "dtype: bool"
      ]
     },
     "execution_count": 19,
     "metadata": {},
     "output_type": "execute_result"
    }
   ],
   "source": [
    "data.isnull().any() # we use this code part to find out missing values "
   ]
  },
  {
   "cell_type": "code",
   "execution_count": null,
   "id": "fd2546a7",
   "metadata": {},
   "outputs": [],
   "source": [
    "# Notes: if something no correlated we cannot predict it  and correlation is numeric feature \n",
    "# placed between -1 and 1"
   ]
  },
  {
   "cell_type": "code",
   "execution_count": 20,
   "id": "9e40c4b1",
   "metadata": {},
   "outputs": [
    {
     "data": {
      "text/html": [
       "<div>\n",
       "<style scoped>\n",
       "    .dataframe tbody tr th:only-of-type {\n",
       "        vertical-align: middle;\n",
       "    }\n",
       "\n",
       "    .dataframe tbody tr th {\n",
       "        vertical-align: top;\n",
       "    }\n",
       "\n",
       "    .dataframe thead th {\n",
       "        text-align: right;\n",
       "    }\n",
       "</style>\n",
       "<table border=\"1\" class=\"dataframe\">\n",
       "  <thead>\n",
       "    <tr style=\"text-align: right;\">\n",
       "      <th></th>\n",
       "      <th>age</th>\n",
       "      <th>Medu</th>\n",
       "      <th>Fedu</th>\n",
       "      <th>traveltime</th>\n",
       "      <th>studytime</th>\n",
       "      <th>failures</th>\n",
       "      <th>famrel</th>\n",
       "      <th>freetime</th>\n",
       "      <th>goout</th>\n",
       "      <th>Dalc</th>\n",
       "      <th>Walc</th>\n",
       "      <th>health</th>\n",
       "      <th>absences</th>\n",
       "      <th>G1</th>\n",
       "      <th>G2</th>\n",
       "      <th>G3</th>\n",
       "    </tr>\n",
       "  </thead>\n",
       "  <tbody>\n",
       "    <tr>\n",
       "      <th>age</th>\n",
       "      <td>1.000000</td>\n",
       "      <td>-0.163658</td>\n",
       "      <td>-0.163438</td>\n",
       "      <td>0.070641</td>\n",
       "      <td>-0.004140</td>\n",
       "      <td>0.243665</td>\n",
       "      <td>0.053940</td>\n",
       "      <td>0.016434</td>\n",
       "      <td>0.126964</td>\n",
       "      <td>0.131125</td>\n",
       "      <td>0.117276</td>\n",
       "      <td>-0.062187</td>\n",
       "      <td>0.175230</td>\n",
       "      <td>-0.064081</td>\n",
       "      <td>-0.143474</td>\n",
       "      <td>-0.161579</td>\n",
       "    </tr>\n",
       "    <tr>\n",
       "      <th>Medu</th>\n",
       "      <td>-0.163658</td>\n",
       "      <td>1.000000</td>\n",
       "      <td>0.623455</td>\n",
       "      <td>-0.171639</td>\n",
       "      <td>0.064944</td>\n",
       "      <td>-0.236680</td>\n",
       "      <td>-0.003914</td>\n",
       "      <td>0.030891</td>\n",
       "      <td>0.064094</td>\n",
       "      <td>0.019834</td>\n",
       "      <td>-0.047123</td>\n",
       "      <td>-0.046878</td>\n",
       "      <td>0.100285</td>\n",
       "      <td>0.205341</td>\n",
       "      <td>0.215527</td>\n",
       "      <td>0.217147</td>\n",
       "    </tr>\n",
       "    <tr>\n",
       "      <th>Fedu</th>\n",
       "      <td>-0.163438</td>\n",
       "      <td>0.623455</td>\n",
       "      <td>1.000000</td>\n",
       "      <td>-0.158194</td>\n",
       "      <td>-0.009175</td>\n",
       "      <td>-0.250408</td>\n",
       "      <td>-0.001370</td>\n",
       "      <td>-0.012846</td>\n",
       "      <td>0.043105</td>\n",
       "      <td>0.002386</td>\n",
       "      <td>-0.012631</td>\n",
       "      <td>0.014742</td>\n",
       "      <td>0.024473</td>\n",
       "      <td>0.190270</td>\n",
       "      <td>0.164893</td>\n",
       "      <td>0.152457</td>\n",
       "    </tr>\n",
       "    <tr>\n",
       "      <th>traveltime</th>\n",
       "      <td>0.070641</td>\n",
       "      <td>-0.171639</td>\n",
       "      <td>-0.158194</td>\n",
       "      <td>1.000000</td>\n",
       "      <td>-0.100909</td>\n",
       "      <td>0.092239</td>\n",
       "      <td>-0.016808</td>\n",
       "      <td>-0.017025</td>\n",
       "      <td>0.028540</td>\n",
       "      <td>0.138325</td>\n",
       "      <td>0.134116</td>\n",
       "      <td>0.007501</td>\n",
       "      <td>-0.012944</td>\n",
       "      <td>-0.093040</td>\n",
       "      <td>-0.153198</td>\n",
       "      <td>-0.117142</td>\n",
       "    </tr>\n",
       "    <tr>\n",
       "      <th>studytime</th>\n",
       "      <td>-0.004140</td>\n",
       "      <td>0.064944</td>\n",
       "      <td>-0.009175</td>\n",
       "      <td>-0.100909</td>\n",
       "      <td>1.000000</td>\n",
       "      <td>-0.173563</td>\n",
       "      <td>0.039731</td>\n",
       "      <td>-0.143198</td>\n",
       "      <td>-0.063904</td>\n",
       "      <td>-0.196019</td>\n",
       "      <td>-0.253785</td>\n",
       "      <td>-0.075616</td>\n",
       "      <td>-0.062700</td>\n",
       "      <td>0.160612</td>\n",
       "      <td>0.135880</td>\n",
       "      <td>0.097820</td>\n",
       "    </tr>\n",
       "    <tr>\n",
       "      <th>failures</th>\n",
       "      <td>0.243665</td>\n",
       "      <td>-0.236680</td>\n",
       "      <td>-0.250408</td>\n",
       "      <td>0.092239</td>\n",
       "      <td>-0.173563</td>\n",
       "      <td>1.000000</td>\n",
       "      <td>-0.044337</td>\n",
       "      <td>0.091987</td>\n",
       "      <td>0.124561</td>\n",
       "      <td>0.136047</td>\n",
       "      <td>0.141962</td>\n",
       "      <td>0.065827</td>\n",
       "      <td>0.063726</td>\n",
       "      <td>-0.354718</td>\n",
       "      <td>-0.355896</td>\n",
       "      <td>-0.360415</td>\n",
       "    </tr>\n",
       "    <tr>\n",
       "      <th>famrel</th>\n",
       "      <td>0.053940</td>\n",
       "      <td>-0.003914</td>\n",
       "      <td>-0.001370</td>\n",
       "      <td>-0.016808</td>\n",
       "      <td>0.039731</td>\n",
       "      <td>-0.044337</td>\n",
       "      <td>1.000000</td>\n",
       "      <td>0.150701</td>\n",
       "      <td>0.064568</td>\n",
       "      <td>-0.077594</td>\n",
       "      <td>-0.113397</td>\n",
       "      <td>0.094056</td>\n",
       "      <td>-0.044354</td>\n",
       "      <td>0.022168</td>\n",
       "      <td>-0.018281</td>\n",
       "      <td>0.051363</td>\n",
       "    </tr>\n",
       "    <tr>\n",
       "      <th>freetime</th>\n",
       "      <td>0.016434</td>\n",
       "      <td>0.030891</td>\n",
       "      <td>-0.012846</td>\n",
       "      <td>-0.017025</td>\n",
       "      <td>-0.143198</td>\n",
       "      <td>0.091987</td>\n",
       "      <td>0.150701</td>\n",
       "      <td>1.000000</td>\n",
       "      <td>0.285019</td>\n",
       "      <td>0.209001</td>\n",
       "      <td>0.147822</td>\n",
       "      <td>0.075733</td>\n",
       "      <td>-0.058078</td>\n",
       "      <td>0.012613</td>\n",
       "      <td>-0.013777</td>\n",
       "      <td>0.011307</td>\n",
       "    </tr>\n",
       "    <tr>\n",
       "      <th>goout</th>\n",
       "      <td>0.126964</td>\n",
       "      <td>0.064094</td>\n",
       "      <td>0.043105</td>\n",
       "      <td>0.028540</td>\n",
       "      <td>-0.063904</td>\n",
       "      <td>0.124561</td>\n",
       "      <td>0.064568</td>\n",
       "      <td>0.285019</td>\n",
       "      <td>1.000000</td>\n",
       "      <td>0.266994</td>\n",
       "      <td>0.420386</td>\n",
       "      <td>-0.009577</td>\n",
       "      <td>0.044302</td>\n",
       "      <td>-0.149104</td>\n",
       "      <td>-0.162250</td>\n",
       "      <td>-0.132791</td>\n",
       "    </tr>\n",
       "    <tr>\n",
       "      <th>Dalc</th>\n",
       "      <td>0.131125</td>\n",
       "      <td>0.019834</td>\n",
       "      <td>0.002386</td>\n",
       "      <td>0.138325</td>\n",
       "      <td>-0.196019</td>\n",
       "      <td>0.136047</td>\n",
       "      <td>-0.077594</td>\n",
       "      <td>0.209001</td>\n",
       "      <td>0.266994</td>\n",
       "      <td>1.000000</td>\n",
       "      <td>0.647544</td>\n",
       "      <td>0.077180</td>\n",
       "      <td>0.111908</td>\n",
       "      <td>-0.094159</td>\n",
       "      <td>-0.064120</td>\n",
       "      <td>-0.054660</td>\n",
       "    </tr>\n",
       "    <tr>\n",
       "      <th>Walc</th>\n",
       "      <td>0.117276</td>\n",
       "      <td>-0.047123</td>\n",
       "      <td>-0.012631</td>\n",
       "      <td>0.134116</td>\n",
       "      <td>-0.253785</td>\n",
       "      <td>0.141962</td>\n",
       "      <td>-0.113397</td>\n",
       "      <td>0.147822</td>\n",
       "      <td>0.420386</td>\n",
       "      <td>0.647544</td>\n",
       "      <td>1.000000</td>\n",
       "      <td>0.092476</td>\n",
       "      <td>0.136291</td>\n",
       "      <td>-0.126179</td>\n",
       "      <td>-0.084927</td>\n",
       "      <td>-0.051939</td>\n",
       "    </tr>\n",
       "    <tr>\n",
       "      <th>health</th>\n",
       "      <td>-0.062187</td>\n",
       "      <td>-0.046878</td>\n",
       "      <td>0.014742</td>\n",
       "      <td>0.007501</td>\n",
       "      <td>-0.075616</td>\n",
       "      <td>0.065827</td>\n",
       "      <td>0.094056</td>\n",
       "      <td>0.075733</td>\n",
       "      <td>-0.009577</td>\n",
       "      <td>0.077180</td>\n",
       "      <td>0.092476</td>\n",
       "      <td>1.000000</td>\n",
       "      <td>-0.029937</td>\n",
       "      <td>-0.073172</td>\n",
       "      <td>-0.097720</td>\n",
       "      <td>-0.061335</td>\n",
       "    </tr>\n",
       "    <tr>\n",
       "      <th>absences</th>\n",
       "      <td>0.175230</td>\n",
       "      <td>0.100285</td>\n",
       "      <td>0.024473</td>\n",
       "      <td>-0.012944</td>\n",
       "      <td>-0.062700</td>\n",
       "      <td>0.063726</td>\n",
       "      <td>-0.044354</td>\n",
       "      <td>-0.058078</td>\n",
       "      <td>0.044302</td>\n",
       "      <td>0.111908</td>\n",
       "      <td>0.136291</td>\n",
       "      <td>-0.029937</td>\n",
       "      <td>1.000000</td>\n",
       "      <td>-0.031003</td>\n",
       "      <td>-0.031777</td>\n",
       "      <td>0.034247</td>\n",
       "    </tr>\n",
       "    <tr>\n",
       "      <th>G1</th>\n",
       "      <td>-0.064081</td>\n",
       "      <td>0.205341</td>\n",
       "      <td>0.190270</td>\n",
       "      <td>-0.093040</td>\n",
       "      <td>0.160612</td>\n",
       "      <td>-0.354718</td>\n",
       "      <td>0.022168</td>\n",
       "      <td>0.012613</td>\n",
       "      <td>-0.149104</td>\n",
       "      <td>-0.094159</td>\n",
       "      <td>-0.126179</td>\n",
       "      <td>-0.073172</td>\n",
       "      <td>-0.031003</td>\n",
       "      <td>1.000000</td>\n",
       "      <td>0.852118</td>\n",
       "      <td>0.801468</td>\n",
       "    </tr>\n",
       "    <tr>\n",
       "      <th>G2</th>\n",
       "      <td>-0.143474</td>\n",
       "      <td>0.215527</td>\n",
       "      <td>0.164893</td>\n",
       "      <td>-0.153198</td>\n",
       "      <td>0.135880</td>\n",
       "      <td>-0.355896</td>\n",
       "      <td>-0.018281</td>\n",
       "      <td>-0.013777</td>\n",
       "      <td>-0.162250</td>\n",
       "      <td>-0.064120</td>\n",
       "      <td>-0.084927</td>\n",
       "      <td>-0.097720</td>\n",
       "      <td>-0.031777</td>\n",
       "      <td>0.852118</td>\n",
       "      <td>1.000000</td>\n",
       "      <td>0.904868</td>\n",
       "    </tr>\n",
       "    <tr>\n",
       "      <th>G3</th>\n",
       "      <td>-0.161579</td>\n",
       "      <td>0.217147</td>\n",
       "      <td>0.152457</td>\n",
       "      <td>-0.117142</td>\n",
       "      <td>0.097820</td>\n",
       "      <td>-0.360415</td>\n",
       "      <td>0.051363</td>\n",
       "      <td>0.011307</td>\n",
       "      <td>-0.132791</td>\n",
       "      <td>-0.054660</td>\n",
       "      <td>-0.051939</td>\n",
       "      <td>-0.061335</td>\n",
       "      <td>0.034247</td>\n",
       "      <td>0.801468</td>\n",
       "      <td>0.904868</td>\n",
       "      <td>1.000000</td>\n",
       "    </tr>\n",
       "  </tbody>\n",
       "</table>\n",
       "</div>"
      ],
      "text/plain": [
       "                 age      Medu      Fedu  traveltime  studytime  failures  \\\n",
       "age         1.000000 -0.163658 -0.163438    0.070641  -0.004140  0.243665   \n",
       "Medu       -0.163658  1.000000  0.623455   -0.171639   0.064944 -0.236680   \n",
       "Fedu       -0.163438  0.623455  1.000000   -0.158194  -0.009175 -0.250408   \n",
       "traveltime  0.070641 -0.171639 -0.158194    1.000000  -0.100909  0.092239   \n",
       "studytime  -0.004140  0.064944 -0.009175   -0.100909   1.000000 -0.173563   \n",
       "failures    0.243665 -0.236680 -0.250408    0.092239  -0.173563  1.000000   \n",
       "famrel      0.053940 -0.003914 -0.001370   -0.016808   0.039731 -0.044337   \n",
       "freetime    0.016434  0.030891 -0.012846   -0.017025  -0.143198  0.091987   \n",
       "goout       0.126964  0.064094  0.043105    0.028540  -0.063904  0.124561   \n",
       "Dalc        0.131125  0.019834  0.002386    0.138325  -0.196019  0.136047   \n",
       "Walc        0.117276 -0.047123 -0.012631    0.134116  -0.253785  0.141962   \n",
       "health     -0.062187 -0.046878  0.014742    0.007501  -0.075616  0.065827   \n",
       "absences    0.175230  0.100285  0.024473   -0.012944  -0.062700  0.063726   \n",
       "G1         -0.064081  0.205341  0.190270   -0.093040   0.160612 -0.354718   \n",
       "G2         -0.143474  0.215527  0.164893   -0.153198   0.135880 -0.355896   \n",
       "G3         -0.161579  0.217147  0.152457   -0.117142   0.097820 -0.360415   \n",
       "\n",
       "              famrel  freetime     goout      Dalc      Walc    health  \\\n",
       "age         0.053940  0.016434  0.126964  0.131125  0.117276 -0.062187   \n",
       "Medu       -0.003914  0.030891  0.064094  0.019834 -0.047123 -0.046878   \n",
       "Fedu       -0.001370 -0.012846  0.043105  0.002386 -0.012631  0.014742   \n",
       "traveltime -0.016808 -0.017025  0.028540  0.138325  0.134116  0.007501   \n",
       "studytime   0.039731 -0.143198 -0.063904 -0.196019 -0.253785 -0.075616   \n",
       "failures   -0.044337  0.091987  0.124561  0.136047  0.141962  0.065827   \n",
       "famrel      1.000000  0.150701  0.064568 -0.077594 -0.113397  0.094056   \n",
       "freetime    0.150701  1.000000  0.285019  0.209001  0.147822  0.075733   \n",
       "goout       0.064568  0.285019  1.000000  0.266994  0.420386 -0.009577   \n",
       "Dalc       -0.077594  0.209001  0.266994  1.000000  0.647544  0.077180   \n",
       "Walc       -0.113397  0.147822  0.420386  0.647544  1.000000  0.092476   \n",
       "health      0.094056  0.075733 -0.009577  0.077180  0.092476  1.000000   \n",
       "absences   -0.044354 -0.058078  0.044302  0.111908  0.136291 -0.029937   \n",
       "G1          0.022168  0.012613 -0.149104 -0.094159 -0.126179 -0.073172   \n",
       "G2         -0.018281 -0.013777 -0.162250 -0.064120 -0.084927 -0.097720   \n",
       "G3          0.051363  0.011307 -0.132791 -0.054660 -0.051939 -0.061335   \n",
       "\n",
       "            absences        G1        G2        G3  \n",
       "age         0.175230 -0.064081 -0.143474 -0.161579  \n",
       "Medu        0.100285  0.205341  0.215527  0.217147  \n",
       "Fedu        0.024473  0.190270  0.164893  0.152457  \n",
       "traveltime -0.012944 -0.093040 -0.153198 -0.117142  \n",
       "studytime  -0.062700  0.160612  0.135880  0.097820  \n",
       "failures    0.063726 -0.354718 -0.355896 -0.360415  \n",
       "famrel     -0.044354  0.022168 -0.018281  0.051363  \n",
       "freetime   -0.058078  0.012613 -0.013777  0.011307  \n",
       "goout       0.044302 -0.149104 -0.162250 -0.132791  \n",
       "Dalc        0.111908 -0.094159 -0.064120 -0.054660  \n",
       "Walc        0.136291 -0.126179 -0.084927 -0.051939  \n",
       "health     -0.029937 -0.073172 -0.097720 -0.061335  \n",
       "absences    1.000000 -0.031003 -0.031777  0.034247  \n",
       "G1         -0.031003  1.000000  0.852118  0.801468  \n",
       "G2         -0.031777  0.852118  1.000000  0.904868  \n",
       "G3          0.034247  0.801468  0.904868  1.000000  "
      ]
     },
     "execution_count": 20,
     "metadata": {},
     "output_type": "execute_result"
    }
   ],
   "source": [
    "data.corr() # to observe correlation betweeen variables "
   ]
  },
  {
   "cell_type": "code",
   "execution_count": 21,
   "id": "7e3af7d7",
   "metadata": {},
   "outputs": [
    {
     "data": {
      "text/plain": [
       "age          -0.161579\n",
       "Medu          0.217147\n",
       "Fedu          0.152457\n",
       "traveltime   -0.117142\n",
       "studytime     0.097820\n",
       "failures     -0.360415\n",
       "famrel        0.051363\n",
       "freetime      0.011307\n",
       "goout        -0.132791\n",
       "Dalc         -0.054660\n",
       "Walc         -0.051939\n",
       "health       -0.061335\n",
       "absences      0.034247\n",
       "G1            0.801468\n",
       "G2            0.904868\n",
       "G3            1.000000\n",
       "Name: G3, dtype: float64"
      ]
     },
     "execution_count": 21,
     "metadata": {},
     "output_type": "execute_result"
    }
   ],
   "source": [
    "# to see just correlation of one column\n",
    "data.corr()[\"G3\"]"
   ]
  },
  {
   "cell_type": "code",
   "execution_count": 22,
   "id": "21a4ae48",
   "metadata": {},
   "outputs": [
    {
     "data": {
      "text/html": [
       "<div>\n",
       "<style scoped>\n",
       "    .dataframe tbody tr th:only-of-type {\n",
       "        vertical-align: middle;\n",
       "    }\n",
       "\n",
       "    .dataframe tbody tr th {\n",
       "        vertical-align: top;\n",
       "    }\n",
       "\n",
       "    .dataframe thead th {\n",
       "        text-align: right;\n",
       "    }\n",
       "</style>\n",
       "<table border=\"1\" class=\"dataframe\">\n",
       "  <thead>\n",
       "    <tr style=\"text-align: right;\">\n",
       "      <th></th>\n",
       "      <th>age</th>\n",
       "      <th>Medu</th>\n",
       "      <th>Fedu</th>\n",
       "      <th>traveltime</th>\n",
       "      <th>studytime</th>\n",
       "      <th>failures</th>\n",
       "      <th>famrel</th>\n",
       "      <th>freetime</th>\n",
       "      <th>goout</th>\n",
       "      <th>Dalc</th>\n",
       "      <th>Walc</th>\n",
       "      <th>health</th>\n",
       "      <th>absences</th>\n",
       "      <th>G1</th>\n",
       "      <th>G2</th>\n",
       "      <th>G3</th>\n",
       "    </tr>\n",
       "    <tr>\n",
       "      <th>higher</th>\n",
       "      <th></th>\n",
       "      <th></th>\n",
       "      <th></th>\n",
       "      <th></th>\n",
       "      <th></th>\n",
       "      <th></th>\n",
       "      <th></th>\n",
       "      <th></th>\n",
       "      <th></th>\n",
       "      <th></th>\n",
       "      <th></th>\n",
       "      <th></th>\n",
       "      <th></th>\n",
       "      <th></th>\n",
       "      <th></th>\n",
       "      <th></th>\n",
       "    </tr>\n",
       "  </thead>\n",
       "  <tbody>\n",
       "    <tr>\n",
       "      <th>no</th>\n",
       "      <td>17.850000</td>\n",
       "      <td>1.950</td>\n",
       "      <td>1.700000</td>\n",
       "      <td>1.700000</td>\n",
       "      <td>1.400000</td>\n",
       "      <td>1.300000</td>\n",
       "      <td>3.850000</td>\n",
       "      <td>3.500000</td>\n",
       "      <td>3.300000</td>\n",
